-6.0 -3.0 -78.44795157652874 NaN 0.10318379238174136 NaN 2.864469928641049
-6.0 -2.333333333333333 -67.82307091883254 0.0005611375622822656 0.12183128925113584 NaN 3.0320828315616963
-6.0 -1.666666666666667 -57.20266774106822 NaN 0.1320591713154209 NaN 3.1284677674672996
-6.0 -1.0 -46.61554183089919 0.009561875477025694 0.1775411426593545 NaN 3.5803695358566587
-6.0 -0.3333333333333335 -36.32387727925114 0.3511982349388507 0.531141640616326 NaN 9.342828861359397
-6.0 0.3333333333333335 -33.08857876932156 0.4887465674327851 0.7171554913993432 NaN 10.515939949357055
-6.0 1.0 -32.425425005740095 0.45691242652936026 0.5412198510328811 NaN 7.913404257611088
-6.0 1.666666666666667 -32.06188344131549 0.444154368440556 0.450016314858978 NaN 6.7227382458078
-6.0 2.333333333333333 -31.809891781761536 0.43689433268308786 0.39016791193447764 NaN 5.9889334067662965
-6.0 3.0 -31.619802661570112 0.4323077682486982 0.3460734691597367 NaN 5.477632756241617
-4.666666666666666 -3.0 -71.86163658193229 0.00012169959476926451 0.13006162489421857 NaN 3.101028636847721
-4.666666666666666 -2.333333333333333 -61.25034910085716 0.00048547618807059933 0.1495810412759513 NaN 3.2800416457428243
-4.666666666666666 -1.666666666666667 -50.65701294124254 0.0020637434270338595 0.17975830250923708 NaN 3.566865906226727
-4.666666666666666 -1.0 -40.1063546823525 0.012307961366371245 0.2424660547358346 NaN 4.207976861510694
-4.666666666666666 -0.3333333333333335 -30.31652820319205 0.4088196158174755 0.9975787914262335 NaN 16.017841456408515
-4.666666666666666 0.3333333333333335 -27.105425236065745 0.4444710830564089 0.8937033473276186 NaN 13.13167740509208
-4.666666666666666 1.0 -26.19927350724033 0.42690805125919873 0.6513897586500019 NaN 9.345608617667114
-4.666666666666666 1.666666666666667 -25.71671889249682 0.4208911768139889 0.5260123655178828 NaN 7.643023990942068
-4.666666666666666 2.333333333333333 -25.39341682654117 0.41811392564744265 0.4476614380161912 NaN 6.6450792253254605
-4.666666666666666 3.0 -25.1556268638578 0.4167330632814257 0.3916283612835223 NaN 5.9754422049255105
-3.333333333333334 -3.0 -65.3050244810911 0.0032801162010964724 0.1611986450526619 NaN 3.4057361526833834
-3.333333333333334 -2.333333333333333 -54.7124828734902 NaN 0.17752417986123614 NaN 3.5318774653774647
-3.333333333333334 -1.666666666666667 -44.168742746031064 0.0018672757396327455 0.24288813853543556 NaN 4.166879097828827
-3.333333333333334 -1.0 -33.7018306020488 0.017641361936242106 0.36976864590875325 NaN 5.595265858027032
-3.333333333333334 -0.3333333333333335 -24.87352302569034 0.3141011227093582 1.4587721996279646 NaN 23.42434517979325
-3.333333333333334 0.3333333333333335 -21.435517718879673 0.368772659641206 1.1528133971764634 NaN 17.26719501358597
-3.333333333333334 1.0 -20.149621190972816 0.38222489920352487 0.8098563294994705 NaN 11.53267165092998
-3.333333333333334 1.666666666666667 -19.48359815494842 0.3888963133329062 0.6297526715936945 NaN 8.953844006740379
-3.333333333333334 2.333333333333333 -19.055080220944326 0.3935348781088486 0.5230436669985434 NaN 7.537239533550986
-3.333333333333334 3.0 -18.749264886440514 0.3970469783938215 0.4499083861700901 NaN 6.630730507405572
-2.0 -3.0 -58.80325441044401 0.00015363403525814334 0.2090475502905913 NaN 3.8194174539207078
-2.0 -2.333333333333333 -48.26908918893818 0.00010468937153307323 0.260492496644525 NaN 4.318569664979209
-2.0 -1.666666666666667 -37.80201466473318 0.0009641786005598618 0.3576235483292116 NaN 5.324654097189968
-2.0 -1.0 -27.544194131065446 0.15131164769194383 0.5805067226274868 NaN 9.772894010597692
-2.0 -0.3333333333333335 -20.137045334820446 0.1552978427586602 1.8574562203463372 NaN 30.506251946011147
-2.0 0.3333333333333335 -16.26541395992502 0.24392336225979916 1.5059051958226888 NaN 23.365511784253407
-2.0 1.0 -14.385797667983518 0.3140788251521758 1.0442601261499658 NaN 15.0221296850155
-2.0 1.666666666666667 -13.424430499834394 0.3439025589560267 0.7750303158609426 NaN 10.89066265240526
-2.0 2.333333333333333 -12.834089906079843 0.3606476234659626 0.6236058967907778 NaN 8.784225655623652
-2.0 3.0 -12.427594702886944 0.37159132040928133 0.52567871252864 NaN 7.5134346497845375
-0.666666666666667 -3.0 -52.40466181825147 0.001799393266152638 0.286900988230967 NaN 4.564470023308351
-0.666666666666667 -2.333333333333333 -41.974922179197456 0.002598221447712934 0.3809980311457337 NaN 5.5344834350276635
-0.666666666666667 -1.666666666666667 -31.70179451230521 0.020818951577387335 0.5882006970033404 NaN 8.179024985949091
-0.666666666666667 -1.0 -22.17861749783372 0.14727779079520742 1.6950177875416472 NaN 27.565182499467426
-0.666666666666667 -0.3333333333333335 -16.177158651547998 0.02860348084874431 2.0123860876833244 NaN 33.339863183225326
-0.666666666666667 0.3333333333333335 -11.815138437884702 0.0844628875299076 1.8264974184723057 NaN 29.275629655223735
-0.666666666666667 1.0 -9.091352122655673 0.21285689938769847 1.3770673403659814 NaN 20.464997200446707
-0.666666666666667 1.666666666666667 -7.642503426863573 0.280956694168053 0.9794330412367378 NaN 13.825662225649015
-0.666666666666667 2.333333333333333 -6.7939940342595335 0.31656178010558467 0.7589202839852645 NaN 10.559137344771056
-0.666666666666667 3.0 -6.233384961691497 0.3383778266385913 0.6243742158862614 NaN 8.718163661040789
0.666666666666667 -3.0 -46.21770873106427 0.011264100707875535 0.429849501612105 NaN 6.023050019496875
0.666666666666667 -2.333333333333333 -36.0158832725332 0.024005352877652708 0.600847315452748 NaN 8.10119122808249
0.666666666666667 -1.666666666666667 -26.183400608584908 0.16155761758943443 0.9591303180100572 NaN 15.533908377247906
0.666666666666667 -1.0 -18.504557228973926 0.10441243193104643 2.1472877824605066 NaN 35.808178922121286
0.666666666666667 -0.3333333333333335 -12.963624893245242 0.056375241335342 1.9146180691183974 NaN 31.39962411448624
0.666666666666667 0.3333333333333335 -8.19981825163303 0.01837196649200523 1.884813564540084 NaN 30.584175856027155
0.666666666666667 1.0 -4.529110729692305 0.09163753937428298 1.7240042824916637 NaN 26.788827018610245
0.666666666666667 1.666666666666667 -2.303255467957735 0.19828906232999488 1.2565194958411348 NaN 18.168745041186476
0.666666666666667 2.333333333333333 -1.034067723306487 0.25994117014239837 0.9374288446418677 NaN 13.067762815542622
0.666666666666667 3.0 -0.23274393038176733 0.2962457621271084 0.7498938674330744 NaN 10.351099947191171
2.0 -3.0 -40.736256670775816 0.009852939837828423 0.25775912282180025 NaN 4.33511282265974
2.0 -2.333333333333333 -30.667955628130077 0.16886261380550893 0.8848985523409827 NaN 13.21126704802146
2.0 -1.666666666666667 -21.982142716889363 0.20198164986554046 1.953645277346143 NaN 31.800448091303423
2.0 -1.0 -15.935200393056455 0.23213278081954858 1.7653387432631582 NaN 28.621925015632446
2.0 -0.3333333333333335 -10.500169453937316 0.21125414629219197 1.6066491155465956 NaN 25.998978101696537
2.0 0.3333333333333335 -5.420335152493946 0.15075469522658835 1.66251066676486 NaN 26.926459563957675
2.0 1.0 -0.9427081464163427 0.07791646395416585 1.7896536980236637 NaN 28.54728706861483
2.0 1.666666666666667 2.3441879382366775 0.11227164958963032 1.558604294428205 NaN 23.514929658818673
2.0 2.333333333333333 4.3006102968925575 0.19406845446680698 1.1623503557267307 NaN 16.50981394374361
2.0 3.0 5.480645864328373 0.24717940199186827 0.9036264185080185 NaN 12.489957140559316
3.333333333333334 -3.0 -35.478938538757234 0.21458853081627094 0.3843298812548954 NaN 7.231673863504707
3.333333333333334 -2.333333333333333 -26.15342381243859 0.2628692558173715 1.5922964267558304 NaN 25.13741708376853
3.333333333333334 -1.666666666666667 -19.93533270418863 0.4104917137901629 1.3294214212060125 NaN 21.059619534151274
3.333333333333334 -1.0 -14.278420449634776 0.40104445767959884 1.226269684350796 NaN 19.3949580512598
3.333333333333334 -0.3333333333333335 -8.765201896624406 0.36813740506338943 1.239937118883681 NaN 19.649777640177074
3.333333333333334 0.3333333333333335 -3.42794397797284 0.3157714961707332 1.325584761126608 NaN 21.074917154964396
3.333333333333334 1.0 1.604378677558211 0.2335483374147338 1.490742374808651 NaN 23.713365962175185
3.333333333333334 1.666666666666667 5.95995253776656 0.12981294697858647 1.633239510765973 NaN 25.484239243901943
3.333333333333334 2.333333333333333 8.990117324658446 0.13402003959287345 1.4090145881727612 NaN 20.763239989228612
3.333333333333334 3.0 10.784570814113195 0.1962157789172143 1.0845131989594203 NaN 15.218124592552336
4.666666666666666 -3.0 -30.805027235230185 0.2722897046761821 1.1178884973937688 NaN 17.343748192086448
4.666666666666666 -2.333333333333333 -24.69505473429901 0.5311876276854681 0.9030109158498993 NaN 14.147167182238583
4.666666666666666 -1.666666666666667 -18.927452723130532 0.5197388310387852 0.8893207427335531 NaN 13.925341592780805
4.666666666666666 -1.0 -13.22255368986001 0.5005343954657584 0.9172006589901001 NaN 14.33732125767667
4.666666666666666 -0.3333333333333335 -7.591370724179182 0.47396915470514944 0.9664441467765124 NaN 15.088633624722187
4.666666666666666 0.3333333333333335 -2.06246493618152 0.43715910514894274 1.0430033420268665 NaN 16.2868890053696
4.666666666666666 1.0 3.303249786248349 0.3828746956976392 1.159265642199307 NaN 18.150100279443485
4.666666666666666 1.666666666666667 8.353188941095087 0.29446321812364484 1.3298785270152944 NaN 20.798571563146282
4.666666666666666 2.333333333333333 12.640895065940576 0.17085810386883793 1.4822872258791397 NaN 22.659241156680395
4.666666666666666 3.0 15.488585201375296 0.15436215488202265 1.2833791191922892 NaN 18.579169502239615
6.0 -3.0 -29.92438516580024 0.591766352547586 0.6631062111973312 NaN 10.567917442209195
6.0 -2.333333333333333 -24.084817663093823 0.5835012559596136 0.6746333377722352 NaN 10.711716738988443
6.0 -1.666666666666667 -18.276703787647065 0.5723073082098709 0.7006743628130436 NaN 11.064393840415333
6.0 -1.0 -12.50555676958168 0.5579132157971576 0.7368727095505907 NaN 11.566691570236317
6.0 -0.3333333333333335 -6.781512342156814 0.5393735491972675 0.782952394778849 NaN 12.218046316755462
6.0 0.3333333333333335 -1.121626542578535 0.5148729007221498 0.8432187171864653 NaN 13.09801819239813
6.0 1.0 4.44323497589567 0.4807878836949411 0.9239415524985612 NaN 14.321283158053637
6.0 1.666666666666667 9.848497984858476 0.42893589191012893 1.0348882400227222 NaN 16.034382917896977
6.0 2.333333333333333 14.927018770584004 0.3394186733584723 1.200317442579447 NaN 18.4975224124938
6.0 3.0 19.169032851047724 0.20332659532124175 1.352065587462844 NaN 20.30964670347256
